90000

2350  1
2631  4
2910  5

3475  8
3756  9
4037  12

4599  13
4880  16
5162  9

5523   12
5804   5
6086   8

6548   1
6830   4
7111   5

7703  8
7905  9
8206  12

9000  13
9280  16
9562  9

9950  4
10300  16

10861  9
11421  12
11700  8

11983  2
12245  14
12575  15


13005  5
13567  8
13850  12

14130  13
14890  2
14970 3



15260  12
15782  9
16097  5

16313  4
16865  16
17111  15

17384  2
17893  14
18166  15

18412  13
18963  2
19212  3

19514  5
20045  8
20328  12

20608  9
21095  12
21388  8

21655  12
22210  9
22504  5

22778  4
23362  16
23547  15



23836 13
24348  1
24611  2

24919  4
25348  14
25621  15

25916  4
26417  15
26718   16

27160  12
27621  9
27891  5

28153  1
28407  4
28658 5

29286  8
29547  9
29798  12

30298  13
30512  16
30801  9

31321  12
31593  5
31874 8

32411 1
32608  4
32868  5

33444  8
33709  9
33951  12


34495  4
34720  13
35008  1

35461  4
36027  16

36691   13
37343   1
37550   2

37850   12
38061  9
38622  5

38850  13
39136  2
39644  3

39965  8
40238  5
40713   9



40975  4
41320  16
41619  15



42026  2
42492  8
42761  12


43003  13
43489   12
43887  8



44482  1
44750  13
45118  14



45627  4
45854  16
46104  15


46690  9
46889  12
47144  8


47576  13
47835  12
48009   8

48542  2
48763  8
49147  12


49577  1
50006  4
50522  16
51061  13

51229  1
51804  2
52387  3
52922 4

53502  5
53913  6
54205  7
54456 8

54664  9
55015  10
55280   11
55544  12

55689  13
55884  14
56212  15
56538  16
56788  1
57072  2
57372  3
57620  4
57814  5
58106  6
58373  7
58619  8
58937  9
59234  10
59503  11
59738  12
60023  13
60271  14
60480  15
60742  16
61019  1
61291  2
61589  3
61755  4
62139  5
62309  6
62697  7
62976  8
63257 9
63410 10
63662 11
63927 12
64209 13
64501 14
64750 15
64916 16
65222  4
65456  8
65768 12
66016 16
66282 15
66540 11
66835 7
67111 3
67419 2
67750 6
67993 10
68176 14
68405 13
68772 9
68924 5
69235 1
69508  2
69750 3
70000 4
70280 5
70560 6
70800 7
71100 8
71390 9
71662 10
71787 11
72044 12




72898  1
73017  4
73238  5

73641  8
73793  9
74282 12


74644 13
74936 16
75230 9

75761 12
76034 5
76285 4

76829 1
77140 4
77417 5

77948 8
78229 9
78477 12

79026 13
79292 16
79588  9


80075 12
80352 5
80618 4
