90000


499  1
707  2
983  3
1189  4
1467  8
1571 12
1710  11
1756  7

2354  13
2651  14
2859  15
3079  16
3352  12
3497  8
3655  7
3682  11


4351  1
4553  2
4796  3
4985  4
5186  8
5297  12
5373  11
5458  7


6006  13
6270  14
6470  15
6809  16
7070  12
7155  8
7242  7
7401 11

7853  4
8148  3
8413  2
8605  1
8905  5
9009  9
9106  10
9183  6


9764  16
10048  15
10289  14
10525  13
10798  9
10893  5
11062  6
11080  10


11647 1
11972 2
12297 3
12539 4
12768 8
12860 12
12975  11
13048  7


13656   13
13907  14
14127 15
14338 16
14609 12
14699  8
14846  7
14909 11


15439   4
15681 3
15973 2
16205 1
16462 5
16572 9
16773 10
16836 6

17068 13
17340 14
17607 15
17849 16
18113 12
18249 8
18423 7
18488 11

19114 1
19404 2
19634 3
19905 4
20216  8
20351 12
20509 11
20577 7

21012   4
21308 3
21524 2
21741 1
22026 5
22076 9
22130 10
22186 6


22878  1
23296  13
23609  8
24149 4

24954  2
25221 15
25547  7
26018  3

26957  1
27321  13
27633  8
28118 4

28884  2
29230  15
29670  7
30071  3

30907  1
31282  4
31579  10
32078  6

32853  2
33343  15
33574 7
33851  3

34700    1

36429  4
36680  8

38748 1
38959 4
39244 16
39729 13
39977 1
40208 4

40696  1
40919  5
41167  9
41415  13
41620  14
41900  10
42124  6
42373  2

42523 1
42749 4
43028 16
43487 13
43711 1
43940 4

44364 16
44601  12
44817  8
45056  4
45337  3
45589  7
45868  11
46115  15

46231  16
46419  13
46667  1
47114  4
47352  16
47588 13

48058  1
48312 5
48573 9
48809 13
49084 14
49328 10
49577 6
49838 2

50113 16
50365 13
50578 1
50991 4
51259 16
51471 13

51968  16
52228   12
52493  8
52735 4
52978 3
53235 7
53478 11
53695 15

53935  16
54115  13
54378 1
54815 4
55053 16
55344 13

55820   1
56077 5
56306 9
56562 13
56815 14
57057 10
57247 6
57524 2

57762 1
58030 4
58260 16
58673 13
58914 1
59220 4

59675  16
59903 12
60177 8
60407 4
60688 3
60957 7
61200 11
61391 15

61622  1
61831 4
62111 16
62560 13
62839 1
63188 4

63458 16
63690 15
63968  14
64238  13
64469 9
64934  10
65161 11
65398  12

65636  16
65877  13
66252  1
66537  4
66805  16
67399  13

67641  1
67884 2
68116 3
68351 4
68617 8
68842 7
69063 6
69200 5
